#Test

#Details
|V|=128
|E|=640
ToRs=incl_range(0,127)
Servers=incl_range(0,127)
Switches=set()

# Links 
0 14
0 16
0 31
0 82
0 110
1 27
1 45
1 85
1 106
1 125
2 35
2 58
2 71
2 88
2 99
3 28
3 36
3 54
3 56
3 65
4 13
4 79
4 85
4 103
4 115
5 16
5 26
5 68
5 105
5 106
6 7
6 16
6 22
6 30
6 120
7 6
7 21
7 55
7 82
7 83
8 51
8 55
8 62
8 82
8 125
9 39
9 42
9 49
9 66
9 111
10 49
10 60
10 71
10 96
10 108
11 33
11 83
11 87
11 97
11 105
12 19
12 26
12 67
12 79
12 109
13 4
13 40
13 64
13 75
13 122
14 0
14 65
14 68
14 99
14 123
15 48
15 61
15 84
15 121
15 125
16 0
16 5
16 6
16 19
16 45
17 20
17 60
17 90
17 102
17 117
18 50
18 64
18 93
18 100
18 126
19 12
19 16
19 36
19 41
19 53
20 17
20 31
20 61
20 62
20 122
21 7
21 25
21 39
21 40
21 90
22 6
22 26
22 39
22 66
22 112
23 30
23 50
23 54
23 73
23 110
24 44
24 50
24 51
24 52
24 81
25 21
25 28
25 72
25 111
25 118
26 5
26 12
26 22
26 35
26 119
27 1
27 31
27 40
27 67
27 77
28 3
28 25
28 91
28 109
28 115
29 80
29 91
29 103
29 118
29 121
30 6
30 23
30 77
30 84
30 117
31 0
31 20
31 27
31 60
31 70
32 59
32 87
32 100
32 110
32 114
33 11
33 38
33 90
33 98
33 117
34 64
34 69
34 98
34 101
34 102
35 2
35 26
35 55
35 67
35 94
36 3
36 19
36 45
36 116
36 119
37 61
37 75
37 86
37 88
37 94
38 33
38 81
38 92
38 94
38 97
39 9
39 21
39 22
39 43
39 47
40 13
40 21
40 27
40 95
40 116
41 19
41 66
41 81
41 83
41 84
42 9
42 55
42 88
42 107
42 124
43 39
43 58
43 74
43 78
43 96
44 24
44 53
44 69
44 122
44 127
45 1
45 16
45 36
45 49
45 78
46 76
46 93
46 98
46 105
46 114
47 39
47 67
47 86
47 100
47 123
48 15
48 63
48 87
48 104
48 119
49 9
49 10
49 45
49 97
49 113
50 18
50 23
50 24
50 101
50 108
51 8
51 24
51 59
51 98
51 125
52 24
52 57
52 70
52 76
52 124
53 19
53 44
53 74
53 117
53 121
54 3
54 23
54 56
54 66
54 114
55 7
55 8
55 35
55 42
55 59
56 3
56 54
56 73
56 97
56 109
57 52
57 66
57 75
57 99
57 126
58 2
58 43
58 83
58 99
58 102
59 32
59 51
59 55
59 69
59 127
60 10
60 17
60 31
60 63
60 89
61 15
61 20
61 37
61 76
61 79
62 8
62 20
62 70
62 96
62 101
63 48
63 60
63 73
63 93
63 113
64 13
64 18
64 34
64 104
64 115
65 3
65 14
65 76
65 91
65 115
66 9
66 22
66 41
66 54
66 57
67 12
67 27
67 35
67 47
67 72
68 5
68 14
68 90
68 95
68 104
69 34
69 44
69 59
69 79
69 126
70 31
70 52
70 62
70 107
70 113
71 2
71 10
71 91
71 122
71 127
72 25
72 67
72 80
72 94
72 104
73 23
73 56
73 63
73 95
73 116
74 43
74 53
74 87
74 113
74 123
75 13
75 37
75 57
75 103
75 112
76 46
76 52
76 61
76 65
76 116
77 27
77 30
77 80
77 85
77 118
78 43
78 45
78 84
78 114
78 116
79 4
79 12
79 61
79 69
79 88
80 29
80 72
80 77
80 108
80 127
81 24
81 38
81 41
81 85
81 106
82 0
82 7
82 8
82 117
82 120
83 7
83 11
83 41
83 58
83 89
84 15
84 30
84 41
84 78
84 93
85 1
85 4
85 77
85 81
85 100
86 37
86 47
86 102
86 106
86 111
87 11
87 32
87 48
87 74
87 111
88 2
88 37
88 42
88 79
88 96
89 60
89 83
89 107
89 113
89 119
90 17
90 21
90 33
90 68
90 99
91 28
91 29
91 65
91 71
91 92
92 38
92 91
92 103
92 120
92 124
93 18
93 46
93 63
93 84
93 101
94 35
94 37
94 38
94 72
94 122
95 40
95 68
95 73
95 104
95 107
96 10
96 43
96 62
96 88
96 112
97 11
97 38
97 49
97 56
97 98
98 33
98 34
98 46
98 51
98 97
99 2
99 14
99 57
99 58
99 90
100 18
100 32
100 47
100 85
100 106
101 34
101 50
101 62
101 93
101 123
102 17
102 34
102 58
102 86
102 125
103 4
103 29
103 75
103 92
103 109
104 48
104 64
104 68
104 72
104 95
105 5
105 11
105 46
105 118
105 121
106 1
106 5
106 81
106 86
106 100
107 42
107 70
107 89
107 95
107 126
108 10
108 50
108 80
108 121
108 124
109 12
109 28
109 56
109 103
109 118
110 0
110 23
110 32
110 112
110 114
111 9
111 25
111 86
111 87
111 120
112 22
112 75
112 96
112 110
112 115
113 49
113 63
113 70
113 74
113 89
114 32
114 46
114 54
114 78
114 110
115 4
115 28
115 64
115 65
115 112
116 36
116 40
116 73
116 76
116 78
117 17
117 30
117 33
117 53
117 82
118 25
118 29
118 77
118 105
118 109
119 26
119 36
119 48
119 89
119 123
120 6
120 82
120 92
120 111
120 127
121 15
121 29
121 53
121 105
121 108
122 13
122 20
122 44
122 71
122 94
123 14
123 47
123 74
123 101
123 119
124 42
124 52
124 92
124 108
124 126
125 1
125 8
125 15
125 51
125 102
126 18
126 57
126 69
126 107
126 124
127 44
127 59
127 71
127 80
127 120
