# Extension with 8 servers/TL node of topology file "temp/results/physicalTopo/topologies/Jellyfish_128V_5deg.topology"

# Extended details
|V|=1152
|E|=2688
AutoExtended=true
Servers=incl_range(128, 1151)
Switches=set()
ToRs=set(0,1,2,3,4,5,6,7,8,9,10,11,12,13,14,15,16,17,18,19,20,21,22,23,24,25,26,27,28,29,30,31,32,33,34,35,36,37,38,39,40,41,42,43,44,45,46,47,48,49,50,51,52,53,54,55,56,57,58,59,60,61,62,63,64,65,66,67,68,69,70,71,72,73,74,75,76,77,78,79,80,81,82,83,84,85,86,87,88,89,90,91,92,93,94,95,96,97,98,99,100,101,102,103,104,105,106,107,108,109,110,111,112,113,114,115,116,117,118,119,120,121,122,123,124,125,126,127)

# Original 640 links:
0 14
0 16
0 31
0 82
0 110
1 27
1 45
1 85
1 106
1 125
2 35
2 58
2 71
2 88
2 99
3 28
3 36
3 54
3 56
3 65
4 13
4 79
4 85
4 103
4 115
5 16
5 26
5 68
5 105
5 106
6 7
6 16
6 22
6 30
6 120
7 6
7 21
7 55
7 82
7 83
8 51
8 55
8 62
8 82
8 125
9 39
9 42
9 49
9 66
9 111
10 49
10 60
10 71
10 96
10 108
11 33
11 83
11 87
11 97
11 105
12 19
12 26
12 67
12 79
12 109
13 4
13 40
13 64
13 75
13 122
14 0
14 65
14 68
14 99
14 123
15 48
15 61
15 84
15 121
15 125
16 0
16 5
16 6
16 19
16 45
17 20
17 60
17 90
17 102
17 117
18 50
18 64
18 93
18 100
18 126
19 12
19 16
19 36
19 41
19 53
20 17
20 31
20 61
20 62
20 122
21 7
21 25
21 39
21 40
21 90
22 6
22 26
22 39
22 66
22 112
23 30
23 50
23 54
23 73
23 110
24 44
24 50
24 51
24 52
24 81
25 21
25 28
25 72
25 111
25 118
26 5
26 12
26 22
26 35
26 119
27 1
27 31
27 40
27 67
27 77
28 3
28 25
28 91
28 109
28 115
29 80
29 91
29 103
29 118
29 121
30 6
30 23
30 77
30 84
30 117
31 0
31 20
31 27
31 60
31 70
32 59
32 87
32 100
32 110
32 114
33 11
33 38
33 90
33 98
33 117
34 64
34 69
34 98
34 101
34 102
35 2
35 26
35 55
35 67
35 94
36 3
36 19
36 45
36 116
36 119
37 61
37 75
37 86
37 88
37 94
38 33
38 81
38 92
38 94
38 97
39 9
39 21
39 22
39 43
39 47
40 13
40 21
40 27
40 95
40 116
41 19
41 66
41 81
41 83
41 84
42 9
42 55
42 88
42 107
42 124
43 39
43 58
43 74
43 78
43 96
44 24
44 53
44 69
44 122
44 127
45 1
45 16
45 36
45 49
45 78
46 76
46 93
46 98
46 105
46 114
47 39
47 67
47 86
47 100
47 123
48 15
48 63
48 87
48 104
48 119
49 9
49 10
49 45
49 97
49 113
50 18
50 23
50 24
50 101
50 108
51 8
51 24
51 59
51 98
51 125
52 24
52 57
52 70
52 76
52 124
53 19
53 44
53 74
53 117
53 121
54 3
54 23
54 56
54 66
54 114
55 7
55 8
55 35
55 42
55 59
56 3
56 54
56 73
56 97
56 109
57 52
57 66
57 75
57 99
57 126
58 2
58 43
58 83
58 99
58 102
59 32
59 51
59 55
59 69
59 127
60 10
60 17
60 31
60 63
60 89
61 15
61 20
61 37
61 76
61 79
62 8
62 20
62 70
62 96
62 101
63 48
63 60
63 73
63 93
63 113
64 13
64 18
64 34
64 104
64 115
65 3
65 14
65 76
65 91
65 115
66 9
66 22
66 41
66 54
66 57
67 12
67 27
67 35
67 47
67 72
68 5
68 14
68 90
68 95
68 104
69 34
69 44
69 59
69 79
69 126
70 31
70 52
70 62
70 107
70 113
71 2
71 10
71 91
71 122
71 127
72 25
72 67
72 80
72 94
72 104
73 23
73 56
73 63
73 95
73 116
74 43
74 53
74 87
74 113
74 123
75 13
75 37
75 57
75 103
75 112
76 46
76 52
76 61
76 65
76 116
77 27
77 30
77 80
77 85
77 118
78 43
78 45
78 84
78 114
78 116
79 4
79 12
79 61
79 69
79 88
80 29
80 72
80 77
80 108
80 127
81 24
81 38
81 41
81 85
81 106
82 0
82 7
82 8
82 117
82 120
83 7
83 11
83 41
83 58
83 89
84 15
84 30
84 41
84 78
84 93
85 1
85 4
85 77
85 81
85 100
86 37
86 47
86 102
86 106
86 111
87 11
87 32
87 48
87 74
87 111
88 2
88 37
88 42
88 79
88 96
89 60
89 83
89 107
89 113
89 119
90 17
90 21
90 33
90 68
90 99
91 28
91 29
91 65
91 71
91 92
92 38
92 91
92 103
92 120
92 124
93 18
93 46
93 63
93 84
93 101
94 35
94 37
94 38
94 72
94 122
95 40
95 68
95 73
95 104
95 107
96 10
96 43
96 62
96 88
96 112
97 11
97 38
97 49
97 56
97 98
98 33
98 34
98 46
98 51
98 97
99 2
99 14
99 57
99 58
99 90
100 18
100 32
100 47
100 85
100 106
101 34
101 50
101 62
101 93
101 123
102 17
102 34
102 58
102 86
102 125
103 4
103 29
103 75
103 92
103 109
104 48
104 64
104 68
104 72
104 95
105 5
105 11
105 46
105 118
105 121
106 1
106 5
106 81
106 86
106 100
107 42
107 70
107 89
107 95
107 126
108 10
108 50
108 80
108 121
108 124
109 12
109 28
109 56
109 103
109 118
110 0
110 23
110 32
110 112
110 114
111 9
111 25
111 86
111 87
111 120
112 22
112 75
112 96
112 110
112 115
113 49
113 63
113 70
113 74
113 89
114 32
114 46
114 54
114 78
114 110
115 4
115 28
115 64
115 65
115 112
116 36
116 40
116 73
116 76
116 78
117 17
117 30
117 33
117 53
117 82
118 25
118 29
118 77
118 105
118 109
119 26
119 36
119 48
119 89
119 123
120 6
120 82
120 92
120 111
120 127
121 15
121 29
121 53
121 105
121 108
122 13
122 20
122 44
122 71
122 94
123 14
123 47
123 74
123 101
123 119
124 42
124 52
124 92
124 108
124 126
125 1
125 8
125 15
125 51
125 102
126 18
126 57
126 69
126 107
126 124
127 44
127 59
127 71
127 80
127 120

# Extended 2048 links:
128 0
0 128
129 0
0 129
130 0
0 130
131 0
0 131
132 0
0 132
133 0
0 133
134 0
0 134
135 0
0 135
136 1
1 136
137 1
1 137
138 1
1 138
139 1
1 139
140 1
1 140
141 1
1 141
142 1
1 142
143 1
1 143
144 2
2 144
145 2
2 145
146 2
2 146
147 2
2 147
148 2
2 148
149 2
2 149
150 2
2 150
151 2
2 151
152 3
3 152
153 3
3 153
154 3
3 154
155 3
3 155
156 3
3 156
157 3
3 157
158 3
3 158
159 3
3 159
160 4
4 160
161 4
4 161
162 4
4 162
163 4
4 163
164 4
4 164
165 4
4 165
166 4
4 166
167 4
4 167
168 5
5 168
169 5
5 169
170 5
5 170
171 5
5 171
172 5
5 172
173 5
5 173
174 5
5 174
175 5
5 175
176 6
6 176
177 6
6 177
178 6
6 178
179 6
6 179
180 6
6 180
181 6
6 181
182 6
6 182
183 6
6 183
184 7
7 184
185 7
7 185
186 7
7 186
187 7
7 187
188 7
7 188
189 7
7 189
190 7
7 190
191 7
7 191
192 8
8 192
193 8
8 193
194 8
8 194
195 8
8 195
196 8
8 196
197 8
8 197
198 8
8 198
199 8
8 199
200 9
9 200
201 9
9 201
202 9
9 202
203 9
9 203
204 9
9 204
205 9
9 205
206 9
9 206
207 9
9 207
208 10
10 208
209 10
10 209
210 10
10 210
211 10
10 211
212 10
10 212
213 10
10 213
214 10
10 214
215 10
10 215
216 11
11 216
217 11
11 217
218 11
11 218
219 11
11 219
220 11
11 220
221 11
11 221
222 11
11 222
223 11
11 223
224 12
12 224
225 12
12 225
226 12
12 226
227 12
12 227
228 12
12 228
229 12
12 229
230 12
12 230
231 12
12 231
232 13
13 232
233 13
13 233
234 13
13 234
235 13
13 235
236 13
13 236
237 13
13 237
238 13
13 238
239 13
13 239
240 14
14 240
241 14
14 241
242 14
14 242
243 14
14 243
244 14
14 244
245 14
14 245
246 14
14 246
247 14
14 247
248 15
15 248
249 15
15 249
250 15
15 250
251 15
15 251
252 15
15 252
253 15
15 253
254 15
15 254
255 15
15 255
256 16
16 256
257 16
16 257
258 16
16 258
259 16
16 259
260 16
16 260
261 16
16 261
262 16
16 262
263 16
16 263
264 17
17 264
265 17
17 265
266 17
17 266
267 17
17 267
268 17
17 268
269 17
17 269
270 17
17 270
271 17
17 271
272 18
18 272
273 18
18 273
274 18
18 274
275 18
18 275
276 18
18 276
277 18
18 277
278 18
18 278
279 18
18 279
280 19
19 280
281 19
19 281
282 19
19 282
283 19
19 283
284 19
19 284
285 19
19 285
286 19
19 286
287 19
19 287
288 20
20 288
289 20
20 289
290 20
20 290
291 20
20 291
292 20
20 292
293 20
20 293
294 20
20 294
295 20
20 295
296 21
21 296
297 21
21 297
298 21
21 298
299 21
21 299
300 21
21 300
301 21
21 301
302 21
21 302
303 21
21 303
304 22
22 304
305 22
22 305
306 22
22 306
307 22
22 307
308 22
22 308
309 22
22 309
310 22
22 310
311 22
22 311
312 23
23 312
313 23
23 313
314 23
23 314
315 23
23 315
316 23
23 316
317 23
23 317
318 23
23 318
319 23
23 319
320 24
24 320
321 24
24 321
322 24
24 322
323 24
24 323
324 24
24 324
325 24
24 325
326 24
24 326
327 24
24 327
328 25
25 328
329 25
25 329
330 25
25 330
331 25
25 331
332 25
25 332
333 25
25 333
334 25
25 334
335 25
25 335
336 26
26 336
337 26
26 337
338 26
26 338
339 26
26 339
340 26
26 340
341 26
26 341
342 26
26 342
343 26
26 343
344 27
27 344
345 27
27 345
346 27
27 346
347 27
27 347
348 27
27 348
349 27
27 349
350 27
27 350
351 27
27 351
352 28
28 352
353 28
28 353
354 28
28 354
355 28
28 355
356 28
28 356
357 28
28 357
358 28
28 358
359 28
28 359
360 29
29 360
361 29
29 361
362 29
29 362
363 29
29 363
364 29
29 364
365 29
29 365
366 29
29 366
367 29
29 367
368 30
30 368
369 30
30 369
370 30
30 370
371 30
30 371
372 30
30 372
373 30
30 373
374 30
30 374
375 30
30 375
376 31
31 376
377 31
31 377
378 31
31 378
379 31
31 379
380 31
31 380
381 31
31 381
382 31
31 382
383 31
31 383
384 32
32 384
385 32
32 385
386 32
32 386
387 32
32 387
388 32
32 388
389 32
32 389
390 32
32 390
391 32
32 391
392 33
33 392
393 33
33 393
394 33
33 394
395 33
33 395
396 33
33 396
397 33
33 397
398 33
33 398
399 33
33 399
400 34
34 400
401 34
34 401
402 34
34 402
403 34
34 403
404 34
34 404
405 34
34 405
406 34
34 406
407 34
34 407
408 35
35 408
409 35
35 409
410 35
35 410
411 35
35 411
412 35
35 412
413 35
35 413
414 35
35 414
415 35
35 415
416 36
36 416
417 36
36 417
418 36
36 418
419 36
36 419
420 36
36 420
421 36
36 421
422 36
36 422
423 36
36 423
424 37
37 424
425 37
37 425
426 37
37 426
427 37
37 427
428 37
37 428
429 37
37 429
430 37
37 430
431 37
37 431
432 38
38 432
433 38
38 433
434 38
38 434
435 38
38 435
436 38
38 436
437 38
38 437
438 38
38 438
439 38
38 439
440 39
39 440
441 39
39 441
442 39
39 442
443 39
39 443
444 39
39 444
445 39
39 445
446 39
39 446
447 39
39 447
448 40
40 448
449 40
40 449
450 40
40 450
451 40
40 451
452 40
40 452
453 40
40 453
454 40
40 454
455 40
40 455
456 41
41 456
457 41
41 457
458 41
41 458
459 41
41 459
460 41
41 460
461 41
41 461
462 41
41 462
463 41
41 463
464 42
42 464
465 42
42 465
466 42
42 466
467 42
42 467
468 42
42 468
469 42
42 469
470 42
42 470
471 42
42 471
472 43
43 472
473 43
43 473
474 43
43 474
475 43
43 475
476 43
43 476
477 43
43 477
478 43
43 478
479 43
43 479
480 44
44 480
481 44
44 481
482 44
44 482
483 44
44 483
484 44
44 484
485 44
44 485
486 44
44 486
487 44
44 487
488 45
45 488
489 45
45 489
490 45
45 490
491 45
45 491
492 45
45 492
493 45
45 493
494 45
45 494
495 45
45 495
496 46
46 496
497 46
46 497
498 46
46 498
499 46
46 499
500 46
46 500
501 46
46 501
502 46
46 502
503 46
46 503
504 47
47 504
505 47
47 505
506 47
47 506
507 47
47 507
508 47
47 508
509 47
47 509
510 47
47 510
511 47
47 511
512 48
48 512
513 48
48 513
514 48
48 514
515 48
48 515
516 48
48 516
517 48
48 517
518 48
48 518
519 48
48 519
520 49
49 520
521 49
49 521
522 49
49 522
523 49
49 523
524 49
49 524
525 49
49 525
526 49
49 526
527 49
49 527
528 50
50 528
529 50
50 529
530 50
50 530
531 50
50 531
532 50
50 532
533 50
50 533
534 50
50 534
535 50
50 535
536 51
51 536
537 51
51 537
538 51
51 538
539 51
51 539
540 51
51 540
541 51
51 541
542 51
51 542
543 51
51 543
544 52
52 544
545 52
52 545
546 52
52 546
547 52
52 547
548 52
52 548
549 52
52 549
550 52
52 550
551 52
52 551
552 53
53 552
553 53
53 553
554 53
53 554
555 53
53 555
556 53
53 556
557 53
53 557
558 53
53 558
559 53
53 559
560 54
54 560
561 54
54 561
562 54
54 562
563 54
54 563
564 54
54 564
565 54
54 565
566 54
54 566
567 54
54 567
568 55
55 568
569 55
55 569
570 55
55 570
571 55
55 571
572 55
55 572
573 55
55 573
574 55
55 574
575 55
55 575
576 56
56 576
577 56
56 577
578 56
56 578
579 56
56 579
580 56
56 580
581 56
56 581
582 56
56 582
583 56
56 583
584 57
57 584
585 57
57 585
586 57
57 586
587 57
57 587
588 57
57 588
589 57
57 589
590 57
57 590
591 57
57 591
592 58
58 592
593 58
58 593
594 58
58 594
595 58
58 595
596 58
58 596
597 58
58 597
598 58
58 598
599 58
58 599
600 59
59 600
601 59
59 601
602 59
59 602
603 59
59 603
604 59
59 604
605 59
59 605
606 59
59 606
607 59
59 607
608 60
60 608
609 60
60 609
610 60
60 610
611 60
60 611
612 60
60 612
613 60
60 613
614 60
60 614
615 60
60 615
616 61
61 616
617 61
61 617
618 61
61 618
619 61
61 619
620 61
61 620
621 61
61 621
622 61
61 622
623 61
61 623
624 62
62 624
625 62
62 625
626 62
62 626
627 62
62 627
628 62
62 628
629 62
62 629
630 62
62 630
631 62
62 631
632 63
63 632
633 63
63 633
634 63
63 634
635 63
63 635
636 63
63 636
637 63
63 637
638 63
63 638
639 63
63 639
640 64
64 640
641 64
64 641
642 64
64 642
643 64
64 643
644 64
64 644
645 64
64 645
646 64
64 646
647 64
64 647
648 65
65 648
649 65
65 649
650 65
65 650
651 65
65 651
652 65
65 652
653 65
65 653
654 65
65 654
655 65
65 655
656 66
66 656
657 66
66 657
658 66
66 658
659 66
66 659
660 66
66 660
661 66
66 661
662 66
66 662
663 66
66 663
664 67
67 664
665 67
67 665
666 67
67 666
667 67
67 667
668 67
67 668
669 67
67 669
670 67
67 670
671 67
67 671
672 68
68 672
673 68
68 673
674 68
68 674
675 68
68 675
676 68
68 676
677 68
68 677
678 68
68 678
679 68
68 679
680 69
69 680
681 69
69 681
682 69
69 682
683 69
69 683
684 69
69 684
685 69
69 685
686 69
69 686
687 69
69 687
688 70
70 688
689 70
70 689
690 70
70 690
691 70
70 691
692 70
70 692
693 70
70 693
694 70
70 694
695 70
70 695
696 71
71 696
697 71
71 697
698 71
71 698
699 71
71 699
700 71
71 700
701 71
71 701
702 71
71 702
703 71
71 703
704 72
72 704
705 72
72 705
706 72
72 706
707 72
72 707
708 72
72 708
709 72
72 709
710 72
72 710
711 72
72 711
712 73
73 712
713 73
73 713
714 73
73 714
715 73
73 715
716 73
73 716
717 73
73 717
718 73
73 718
719 73
73 719
720 74
74 720
721 74
74 721
722 74
74 722
723 74
74 723
724 74
74 724
725 74
74 725
726 74
74 726
727 74
74 727
728 75
75 728
729 75
75 729
730 75
75 730
731 75
75 731
732 75
75 732
733 75
75 733
734 75
75 734
735 75
75 735
736 76
76 736
737 76
76 737
738 76
76 738
739 76
76 739
740 76
76 740
741 76
76 741
742 76
76 742
743 76
76 743
744 77
77 744
745 77
77 745
746 77
77 746
747 77
77 747
748 77
77 748
749 77
77 749
750 77
77 750
751 77
77 751
752 78
78 752
753 78
78 753
754 78
78 754
755 78
78 755
756 78
78 756
757 78
78 757
758 78
78 758
759 78
78 759
760 79
79 760
761 79
79 761
762 79
79 762
763 79
79 763
764 79
79 764
765 79
79 765
766 79
79 766
767 79
79 767
768 80
80 768
769 80
80 769
770 80
80 770
771 80
80 771
772 80
80 772
773 80
80 773
774 80
80 774
775 80
80 775
776 81
81 776
777 81
81 777
778 81
81 778
779 81
81 779
780 81
81 780
781 81
81 781
782 81
81 782
783 81
81 783
784 82
82 784
785 82
82 785
786 82
82 786
787 82
82 787
788 82
82 788
789 82
82 789
790 82
82 790
791 82
82 791
792 83
83 792
793 83
83 793
794 83
83 794
795 83
83 795
796 83
83 796
797 83
83 797
798 83
83 798
799 83
83 799
800 84
84 800
801 84
84 801
802 84
84 802
803 84
84 803
804 84
84 804
805 84
84 805
806 84
84 806
807 84
84 807
808 85
85 808
809 85
85 809
810 85
85 810
811 85
85 811
812 85
85 812
813 85
85 813
814 85
85 814
815 85
85 815
816 86
86 816
817 86
86 817
818 86
86 818
819 86
86 819
820 86
86 820
821 86
86 821
822 86
86 822
823 86
86 823
824 87
87 824
825 87
87 825
826 87
87 826
827 87
87 827
828 87
87 828
829 87
87 829
830 87
87 830
831 87
87 831
832 88
88 832
833 88
88 833
834 88
88 834
835 88
88 835
836 88
88 836
837 88
88 837
838 88
88 838
839 88
88 839
840 89
89 840
841 89
89 841
842 89
89 842
843 89
89 843
844 89
89 844
845 89
89 845
846 89
89 846
847 89
89 847
848 90
90 848
849 90
90 849
850 90
90 850
851 90
90 851
852 90
90 852
853 90
90 853
854 90
90 854
855 90
90 855
856 91
91 856
857 91
91 857
858 91
91 858
859 91
91 859
860 91
91 860
861 91
91 861
862 91
91 862
863 91
91 863
864 92
92 864
865 92
92 865
866 92
92 866
867 92
92 867
868 92
92 868
869 92
92 869
870 92
92 870
871 92
92 871
872 93
93 872
873 93
93 873
874 93
93 874
875 93
93 875
876 93
93 876
877 93
93 877
878 93
93 878
879 93
93 879
880 94
94 880
881 94
94 881
882 94
94 882
883 94
94 883
884 94
94 884
885 94
94 885
886 94
94 886
887 94
94 887
888 95
95 888
889 95
95 889
890 95
95 890
891 95
95 891
892 95
95 892
893 95
95 893
894 95
95 894
895 95
95 895
896 96
96 896
897 96
96 897
898 96
96 898
899 96
96 899
900 96
96 900
901 96
96 901
902 96
96 902
903 96
96 903
904 97
97 904
905 97
97 905
906 97
97 906
907 97
97 907
908 97
97 908
909 97
97 909
910 97
97 910
911 97
97 911
912 98
98 912
913 98
98 913
914 98
98 914
915 98
98 915
916 98
98 916
917 98
98 917
918 98
98 918
919 98
98 919
920 99
99 920
921 99
99 921
922 99
99 922
923 99
99 923
924 99
99 924
925 99
99 925
926 99
99 926
927 99
99 927
928 100
100 928
929 100
100 929
930 100
100 930
931 100
100 931
932 100
100 932
933 100
100 933
934 100
100 934
935 100
100 935
936 101
101 936
937 101
101 937
938 101
101 938
939 101
101 939
940 101
101 940
941 101
101 941
942 101
101 942
943 101
101 943
944 102
102 944
945 102
102 945
946 102
102 946
947 102
102 947
948 102
102 948
949 102
102 949
950 102
102 950
951 102
102 951
952 103
103 952
953 103
103 953
954 103
103 954
955 103
103 955
956 103
103 956
957 103
103 957
958 103
103 958
959 103
103 959
960 104
104 960
961 104
104 961
962 104
104 962
963 104
104 963
964 104
104 964
965 104
104 965
966 104
104 966
967 104
104 967
968 105
105 968
969 105
105 969
970 105
105 970
971 105
105 971
972 105
105 972
973 105
105 973
974 105
105 974
975 105
105 975
976 106
106 976
977 106
106 977
978 106
106 978
979 106
106 979
980 106
106 980
981 106
106 981
982 106
106 982
983 106
106 983
984 107
107 984
985 107
107 985
986 107
107 986
987 107
107 987
988 107
107 988
989 107
107 989
990 107
107 990
991 107
107 991
992 108
108 992
993 108
108 993
994 108
108 994
995 108
108 995
996 108
108 996
997 108
108 997
998 108
108 998
999 108
108 999
1000 109
109 1000
1001 109
109 1001
1002 109
109 1002
1003 109
109 1003
1004 109
109 1004
1005 109
109 1005
1006 109
109 1006
1007 109
109 1007
1008 110
110 1008
1009 110
110 1009
1010 110
110 1010
1011 110
110 1011
1012 110
110 1012
1013 110
110 1013
1014 110
110 1014
1015 110
110 1015
1016 111
111 1016
1017 111
111 1017
1018 111
111 1018
1019 111
111 1019
1020 111
111 1020
1021 111
111 1021
1022 111
111 1022
1023 111
111 1023
1024 112
112 1024
1025 112
112 1025
1026 112
112 1026
1027 112
112 1027
1028 112
112 1028
1029 112
112 1029
1030 112
112 1030
1031 112
112 1031
1032 113
113 1032
1033 113
113 1033
1034 113
113 1034
1035 113
113 1035
1036 113
113 1036
1037 113
113 1037
1038 113
113 1038
1039 113
113 1039
1040 114
114 1040
1041 114
114 1041
1042 114
114 1042
1043 114
114 1043
1044 114
114 1044
1045 114
114 1045
1046 114
114 1046
1047 114
114 1047
1048 115
115 1048
1049 115
115 1049
1050 115
115 1050
1051 115
115 1051
1052 115
115 1052
1053 115
115 1053
1054 115
115 1054
1055 115
115 1055
1056 116
116 1056
1057 116
116 1057
1058 116
116 1058
1059 116
116 1059
1060 116
116 1060
1061 116
116 1061
1062 116
116 1062
1063 116
116 1063
1064 117
117 1064
1065 117
117 1065
1066 117
117 1066
1067 117
117 1067
1068 117
117 1068
1069 117
117 1069
1070 117
117 1070
1071 117
117 1071
1072 118
118 1072
1073 118
118 1073
1074 118
118 1074
1075 118
118 1075
1076 118
118 1076
1077 118
118 1077
1078 118
118 1078
1079 118
118 1079
1080 119
119 1080
1081 119
119 1081
1082 119
119 1082
1083 119
119 1083
1084 119
119 1084
1085 119
119 1085
1086 119
119 1086
1087 119
119 1087
1088 120
120 1088
1089 120
120 1089
1090 120
120 1090
1091 120
120 1091
1092 120
120 1092
1093 120
120 1093
1094 120
120 1094
1095 120
120 1095
1096 121
121 1096
1097 121
121 1097
1098 121
121 1098
1099 121
121 1099
1100 121
121 1100
1101 121
121 1101
1102 121
121 1102
1103 121
121 1103
1104 122
122 1104
1105 122
122 1105
1106 122
122 1106
1107 122
122 1107
1108 122
122 1108
1109 122
122 1109
1110 122
122 1110
1111 122
122 1111
1112 123
123 1112
1113 123
123 1113
1114 123
123 1114
1115 123
123 1115
1116 123
123 1116
1117 123
123 1117
1118 123
123 1118
1119 123
123 1119
1120 124
124 1120
1121 124
124 1121
1122 124
124 1122
1123 124
124 1123
1124 124
124 1124
1125 124
124 1125
1126 124
124 1126
1127 124
124 1127
1128 125
125 1128
1129 125
125 1129
1130 125
125 1130
1131 125
125 1131
1132 125
125 1132
1133 125
125 1133
1134 125
125 1134
1135 125
125 1135
1136 126
126 1136
1137 126
126 1137
1138 126
126 1138
1139 126
126 1139
1140 126
126 1140
1141 126
126 1141
1142 126
126 1142
1143 126
126 1143
1144 127
127 1144
1145 127
127 1145
1146 127
127 1146
1147 127
127 1147
1148 127
127 1148
1149 127
127 1149
1150 127
127 1150
1151 127
127 1151
