#Test

#Details
|V|=128
|E|=3840
ToRs=incl_range(0,127)
Servers=incl_range(0,127)
Switches=set()

# Links 
0 8
0 14
0 16
0 22
0 23
0 24
0 25
0 33
0 36
0 38
0 44
0 53
0 65
0 70
0 74
0 79
0 80
0 81
0 84
0 86
0 89
0 91
0 92
0 100
0 103
0 108
0 113
0 119
0 124
0 125
1 2
1 3
1 4
1 15
1 17
1 18
1 20
1 24
1 25
1 31
1 33
1 35
1 36
1 41
1 53
1 54
1 69
1 70
1 76
1 79
1 80
1 93
1 99
1 100
1 102
1 108
1 109
1 116
1 121
1 122
2 1
2 6
2 12
2 22
2 24
2 27
2 41
2 42
2 47
2 50
2 52
2 53
2 55
2 56
2 60
2 66
2 67
2 70
2 77
2 88
2 91
2 93
2 96
2 108
2 109
2 113
2 114
2 115
2 116
2 127
3 1
3 5
3 9
3 10
3 15
3 19
3 32
3 34
3 38
3 40
3 48
3 53
3 58
3 59
3 67
3 71
3 89
3 94
3 96
3 97
3 98
3 104
3 106
3 108
3 110
3 111
3 112
3 123
3 124
3 126
4 1
4 5
4 10
4 13
4 15
4 19
4 20
4 22
4 37
4 41
4 42
4 47
4 49
4 50
4 52
4 63
4 65
4 71
4 75
4 76
4 86
4 87
4 90
4 95
4 98
4 100
4 106
4 108
4 123
4 127
5 3
5 4
5 6
5 7
5 9
5 16
5 17
5 26
5 30
5 40
5 44
5 49
5 55
5 56
5 60
5 64
5 66
5 67
5 72
5 89
5 92
5 96
5 100
5 106
5 108
5 114
5 115
5 118
5 119
5 124
6 2
6 5
6 8
6 9
6 14
6 20
6 21
6 24
6 25
6 26
6 28
6 39
6 42
6 49
6 59
6 65
6 66
6 68
6 69
6 75
6 82
6 83
6 86
6 94
6 102
6 104
6 108
6 116
6 123
6 127
7 5
7 17
7 18
7 19
7 27
7 28
7 29
7 31
7 33
7 40
7 42
7 47
7 49
7 51
7 63
7 65
7 67
7 69
7 71
7 82
7 88
7 91
7 95
7 99
7 100
7 110
7 120
7 122
7 124
7 127
8 0
8 6
8 13
8 22
8 24
8 29
8 31
8 37
8 39
8 40
8 48
8 50
8 55
8 60
8 62
8 67
8 68
8 72
8 76
8 84
8 88
8 89
8 94
8 99
8 105
8 106
8 110
8 115
8 121
8 125
9 3
9 5
9 6
9 10
9 12
9 16
9 24
9 26
9 31
9 34
9 42
9 43
9 46
9 50
9 69
9 75
9 80
9 82
9 87
9 88
9 89
9 93
9 95
9 103
9 106
9 108
9 110
9 112
9 122
9 123
10 3
10 4
10 9
10 17
10 23
10 24
10 25
10 26
10 31
10 39
10 41
10 45
10 46
10 47
10 52
10 62
10 64
10 65
10 67
10 82
10 83
10 84
10 86
10 92
10 100
10 105
10 106
10 110
10 115
10 122
11 15
11 16
11 21
11 28
11 31
11 32
11 38
11 44
11 46
11 48
11 52
11 54
11 71
11 76
11 80
11 81
11 82
11 85
11 87
11 97
11 98
11 101
11 105
11 109
11 110
11 111
11 113
11 116
11 117
11 124
12 2
12 9
12 15
12 16
12 21
12 25
12 29
12 30
12 38
12 41
12 44
12 48
12 50
12 58
12 60
12 61
12 64
12 66
12 74
12 77
12 80
12 84
12 92
12 93
12 96
12 104
12 111
12 113
12 114
12 116
13 4
13 8
13 15
13 16
13 18
13 20
13 22
13 25
13 28
13 32
13 33
13 35
13 42
13 54
13 63
13 74
13 77
13 79
13 91
13 92
13 102
13 104
13 108
13 109
13 112
13 113
13 114
13 115
13 117
13 120
14 0
14 6
14 19
14 21
14 22
14 24
14 30
14 33
14 41
14 42
14 45
14 46
14 47
14 51
14 53
14 54
14 65
14 68
14 69
14 81
14 83
14 89
14 91
14 94
14 96
14 99
14 104
14 105
14 111
14 125
15 1
15 3
15 4
15 11
15 12
15 13
15 18
15 19
15 22
15 28
15 33
15 35
15 39
15 41
15 52
15 59
15 78
15 81
15 86
15 90
15 96
15 97
15 99
15 105
15 106
15 111
15 117
15 120
15 121
15 124
16 0
16 5
16 9
16 11
16 12
16 13
16 23
16 25
16 26
16 27
16 33
16 34
16 36
16 37
16 39
16 50
16 53
16 55
16 71
16 72
16 75
16 84
16 85
16 90
16 98
16 101
16 107
16 113
16 116
16 117
17 1
17 5
17 7
17 10
17 20
17 21
17 25
17 27
17 28
17 31
17 32
17 37
17 42
17 43
17 55
17 58
17 68
17 72
17 78
17 81
17 86
17 88
17 94
17 95
17 100
17 106
17 115
17 118
17 122
17 123
18 1
18 7
18 13
18 15
18 20
18 22
18 42
18 43
18 45
18 48
18 50
18 53
18 55
18 61
18 63
18 64
18 67
18 71
18 76
18 78
18 79
18 85
18 92
18 108
18 112
18 117
18 118
18 119
18 123
18 126
19 3
19 4
19 7
19 14
19 15
19 20
19 33
19 41
19 46
19 47
19 50
19 51
19 56
19 62
19 64
19 65
19 75
19 78
19 83
19 87
19 91
19 94
19 105
19 107
19 114
19 115
19 116
19 117
19 121
19 122
20 1
20 4
20 6
20 13
20 17
20 18
20 19
20 25
20 33
20 35
20 43
20 53
20 59
20 64
20 67
20 72
20 76
20 81
20 83
20 85
20 96
20 98
20 99
20 105
20 107
20 109
20 119
20 120
20 122
20 125
21 6
21 11
21 12
21 14
21 17
21 23
21 24
21 30
21 38
21 44
21 50
21 61
21 63
21 64
21 65
21 69
21 74
21 75
21 82
21 85
21 88
21 89
21 90
21 100
21 107
21 115
21 119
21 121
21 122
21 127
22 0
22 2
22 4
22 8
22 13
22 14
22 15
22 18
22 24
22 27
22 43
22 44
22 52
22 53
22 54
22 58
22 59
22 60
22 67
22 82
22 84
22 88
22 89
22 94
22 95
22 102
22 119
22 120
22 126
22 127
23 0
23 10
23 16
23 21
23 29
23 35
23 42
23 43
23 46
23 52
23 54
23 55
23 57
23 68
23 72
23 81
23 85
23 86
23 90
23 91
23 94
23 97
23 98
23 99
23 104
23 105
23 107
23 108
23 110
23 121
24 0
24 1
24 2
24 6
24 8
24 9
24 10
24 14
24 21
24 22
24 27
24 36
24 37
24 38
24 40
24 41
24 43
24 44
24 53
24 55
24 56
24 79
24 91
24 100
24 101
24 103
24 107
24 113
24 121
24 124
25 0
25 1
25 6
25 10
25 12
25 13
25 16
25 17
25 20
25 26
25 27
25 38
25 41
25 52
25 59
25 62
25 63
25 65
25 67
25 70
25 77
25 80
25 89
25 95
25 101
25 106
25 107
25 111
25 120
25 127
26 5
26 6
26 9
26 10
26 16
26 25
26 27
26 31
26 39
26 40
26 51
26 54
26 55
26 59
26 61
26 65
26 69
26 78
26 82
26 90
26 97
26 98
26 102
26 108
26 112
26 114
26 115
26 117
26 118
26 126
27 2
27 7
27 16
27 17
27 22
27 24
27 25
27 26
27 35
27 39
27 46
27 51
27 54
27 57
27 59
27 60
27 62
27 66
27 75
27 83
27 93
27 98
27 103
27 104
27 108
27 119
27 121
27 122
27 124
27 125
28 6
28 7
28 11
28 13
28 15
28 17
28 30
28 31
28 38
28 40
28 49
28 50
28 54
28 65
28 66
28 70
28 72
28 73
28 78
28 81
28 83
28 88
28 90
28 97
28 106
28 107
28 108
28 121
28 124
28 127
29 7
29 8
29 12
29 23
29 34
29 35
29 39
29 55
29 57
29 58
29 62
29 67
29 70
29 73
29 75
29 76
29 77
29 78
29 79
29 80
29 84
29 86
29 90
29 92
29 100
29 102
29 109
29 121
29 123
29 127
30 5
30 12
30 14
30 21
30 28
30 31
30 32
30 37
30 41
30 47
30 50
30 54
30 58
30 64
30 65
30 69
30 74
30 85
30 91
30 97
30 101
30 103
30 106
30 108
30 111
30 112
30 114
30 121
30 122
30 124
31 1
31 7
31 8
31 9
31 10
31 11
31 17
31 26
31 28
31 30
31 35
31 37
31 39
31 42
31 43
31 55
31 58
31 59
31 63
31 70
31 71
31 73
31 76
31 87
31 89
31 101
31 110
31 113
31 115
31 123
32 3
32 11
32 13
32 17
32 30
32 33
32 44
32 48
32 50
32 54
32 60
32 64
32 67
32 69
32 71
32 72
32 73
32 74
32 79
32 82
32 83
32 94
32 101
32 102
32 103
32 104
32 110
32 117
32 124
32 127
33 0
33 1
33 7
33 13
33 14
33 15
33 16
33 19
33 20
33 32
33 38
33 39
33 46
33 49
33 51
33 58
33 59
33 60
33 61
33 64
33 73
33 77
33 84
33 90
33 94
33 96
33 99
33 108
33 124
33 125
34 3
34 9
34 16
34 29
34 35
34 37
34 43
34 56
34 61
34 64
34 67
34 70
34 71
34 85
34 87
34 90
34 92
34 100
34 102
34 103
34 106
34 115
34 118
34 120
34 122
34 123
34 124
34 125
34 126
34 127
35 1
35 13
35 15
35 20
35 23
35 27
35 29
35 31
35 34
35 52
35 55
35 60
35 63
35 67
35 69
35 70
35 72
35 73
35 80
35 83
35 87
35 95
35 97
35 102
35 103
35 109
35 121
35 122
35 124
35 126
36 0
36 1
36 16
36 24
36 39
36 40
36 43
36 44
36 47
36 48
36 51
36 53
36 55
36 57
36 61
36 62
36 63
36 66
36 72
36 79
36 88
36 90
36 91
36 101
36 103
36 105
36 109
36 118
36 122
36 125
37 4
37 8
37 16
37 17
37 24
37 30
37 31
37 34
37 42
37 50
37 53
37 55
37 57
37 63
37 75
37 78
37 79
37 81
37 88
37 93
37 94
37 95
37 98
37 99
37 108
37 109
37 110
37 114
37 118
37 121
38 0
38 3
38 11
38 12
38 21
38 24
38 25
38 28
38 33
38 39
38 53
38 56
38 57
38 59
38 66
38 72
38 79
38 80
38 83
38 84
38 86
38 88
38 96
38 105
38 108
38 110
38 113
38 118
38 124
38 127
39 6
39 8
39 10
39 15
39 16
39 26
39 27
39 29
39 31
39 33
39 36
39 38
39 44
39 45
39 52
39 54
39 56
39 65
39 66
39 71
39 79
39 87
39 93
39 95
39 98
39 99
39 103
39 107
39 117
39 122
40 3
40 5
40 7
40 8
40 24
40 26
40 28
40 36
40 44
40 45
40 46
40 49
40 52
40 54
40 64
40 79
40 80
40 82
40 93
40 94
40 99
40 102
40 105
40 107
40 108
40 112
40 113
40 115
40 116
40 122
41 1
41 2
41 4
41 10
41 12
41 14
41 15
41 19
41 24
41 25
41 30
41 48
41 51
41 56
41 58
41 62
41 65
41 69
41 75
41 78
41 81
41 86
41 87
41 90
41 91
41 94
41 99
41 100
41 110
41 114
42 2
42 4
42 6
42 7
42 9
42 13
42 14
42 17
42 18
42 23
42 31
42 37
42 45
42 46
42 52
42 55
42 59
42 60
42 61
42 64
42 66
42 68
42 70
42 72
42 84
42 87
42 101
42 110
42 119
42 127
43 9
43 17
43 18
43 20
43 22
43 23
43 24
43 31
43 34
43 36
43 45
43 46
43 48
43 51
43 54
43 57
43 62
43 64
43 68
43 76
43 85
43 87
43 89
43 92
43 93
43 98
43 102
43 112
43 114
43 121
44 0
44 5
44 11
44 12
44 21
44 22
44 24
44 32
44 36
44 39
44 40
44 51
44 57
44 59
44 61
44 62
44 63
44 74
44 77
44 78
44 82
44 83
44 88
44 90
44 96
44 98
44 104
44 114
44 120
44 126
45 10
45 14
45 18
45 39
45 40
45 42
45 43
45 48
45 52
45 58
45 61
45 66
45 68
45 69
45 74
45 81
45 85
45 96
45 97
45 99
45 100
45 102
45 106
45 109
45 110
45 113
45 114
45 117
45 118
45 122
46 9
46 10
46 11
46 14
46 19
46 23
46 27
46 33
46 40
46 42
46 43
46 54
46 65
46 75
46 77
46 84
46 87
46 92
46 97
46 100
46 107
46 108
46 109
46 113
46 114
46 118
46 120
46 121
46 122
46 125
47 2
47 4
47 7
47 10
47 14
47 19
47 30
47 36
47 49
47 51
47 57
47 61
47 62
47 69
47 71
47 72
47 80
47 83
47 86
47 90
47 91
47 92
47 94
47 97
47 98
47 99
47 111
47 118
47 120
47 126
48 3
48 8
48 11
48 12
48 18
48 32
48 36
48 41
48 43
48 45
48 51
48 59
48 68
48 69
48 73
48 76
48 77
48 81
48 91
48 96
48 100
48 101
48 103
48 105
48 114
48 115
48 119
48 121
48 123
48 126
49 4
49 5
49 6
49 7
49 28
49 33
49 40
49 47
49 52
49 55
49 57
49 59
49 66
49 70
49 72
49 76
49 82
49 86
49 88
49 89
49 92
49 96
49 97
49 98
49 101
49 107
49 110
49 111
49 115
49 123
50 2
50 4
50 8
50 9
50 12
50 16
50 18
50 19
50 21
50 28
50 30
50 32
50 37
50 54
50 56
50 59
50 71
50 72
50 75
50 80
50 82
50 83
50 88
50 93
50 95
50 98
50 103
50 111
50 120
50 127
51 7
51 14
51 19
51 26
51 27
51 33
51 36
51 41
51 43
51 44
51 47
51 48
51 55
51 56
51 59
51 61
51 65
51 66
51 72
51 74
51 75
51 78
51 79
51 82
51 89
51 93
51 94
51 104
51 106
51 120
52 2
52 4
52 10
52 11
52 15
52 22
52 23
52 25
52 35
52 39
52 40
52 42
52 45
52 49
52 56
52 73
52 75
52 77
52 80
52 81
52 85
52 93
52 95
52 97
52 101
52 104
52 111
52 112
52 114
52 117
53 0
53 1
53 2
53 3
53 14
53 16
53 18
53 20
53 22
53 24
53 36
53 37
53 38
53 57
53 58
53 59
53 63
53 67
53 70
53 73
53 80
53 81
53 83
53 85
53 89
53 90
53 106
53 115
53 116
53 120
54 1
54 11
54 13
54 14
54 22
54 23
54 26
54 27
54 28
54 30
54 32
54 39
54 40
54 43
54 46
54 50
54 61
54 62
54 70
54 72
54 74
54 76
54 79
54 87
54 95
54 98
54 106
54 109
54 119
54 127
55 2
55 5
55 8
55 16
55 17
55 18
55 23
55 24
55 26
55 29
55 31
55 35
55 36
55 37
55 42
55 49
55 51
55 59
55 64
55 65
55 66
55 72
55 80
55 86
55 91
55 103
55 112
55 113
55 115
55 118
56 2
56 5
56 19
56 24
56 34
56 38
56 39
56 41
56 50
56 51
56 52
56 60
56 63
56 68
56 72
56 84
56 89
56 94
56 95
56 100
56 105
56 106
56 107
56 114
56 115
56 120
56 123
56 124
56 125
56 127
57 23
57 27
57 29
57 36
57 37
57 38
57 43
57 44
57 47
57 49
57 53
57 61
57 64
57 70
57 71
57 72
57 75
57 77
57 78
57 81
57 84
57 85
57 87
57 91
57 94
57 97
57 99
57 112
57 117
57 122
58 3
58 12
58 17
58 22
58 29
58 30
58 31
58 33
58 41
58 45
58 53
58 64
58 73
58 76
58 77
58 80
58 83
58 84
58 87
58 99
58 102
58 105
58 106
58 108
58 109
58 110
58 116
58 125
58 126
58 127
59 3
59 6
59 15
59 20
59 22
59 25
59 26
59 27
59 31
59 33
59 38
59 42
59 44
59 48
59 49
59 50
59 51
59 53
59 55
59 70
59 77
59 78
59 79
59 82
59 89
59 93
59 102
59 109
59 117
59 126
60 2
60 5
60 8
60 12
60 22
60 27
60 32
60 33
60 35
60 42
60 56
60 62
60 64
60 68
60 70
60 74
60 77
60 79
60 81
60 90
60 97
60 98
60 104
60 105
60 110
60 116
60 117
60 119
60 121
60 127
61 12
61 18
61 21
61 26
61 33
61 34
61 36
61 42
61 44
61 45
61 47
61 51
61 54
61 57
61 69
61 73
61 74
61 75
61 77
61 79
61 82
61 84
61 85
61 87
61 91
61 94
61 98
61 118
61 124
61 125
62 8
62 10
62 19
62 25
62 27
62 29
62 36
62 41
62 43
62 44
62 47
62 54
62 60
62 65
62 67
62 70
62 71
62 72
62 75
62 79
62 97
62 99
62 104
62 106
62 113
62 114
62 116
62 117
62 118
62 123
63 4
63 7
63 13
63 18
63 21
63 25
63 31
63 35
63 36
63 37
63 44
63 53
63 56
63 64
63 67
63 70
63 75
63 78
63 86
63 99
63 100
63 102
63 104
63 105
63 110
63 113
63 116
63 122
63 123
63 125
64 5
64 10
64 12
64 18
64 19
64 20
64 21
64 30
64 32
64 33
64 34
64 40
64 42
64 43
64 55
64 57
64 58
64 60
64 63
64 72
64 76
64 81
64 83
64 86
64 88
64 94
64 97
64 111
64 115
64 120
65 0
65 4
65 6
65 7
65 10
65 14
65 19
65 21
65 25
65 26
65 28
65 30
65 39
65 41
65 46
65 51
65 55
65 62
65 69
65 84
65 88
65 90
65 93
65 97
65 99
65 101
65 102
65 106
65 112
65 121
66 2
66 5
66 6
66 12
66 27
66 28
66 36
66 38
66 39
66 42
66 45
66 49
66 51
66 55
66 79
66 80
66 82
66 84
66 89
66 91
66 92
66 93
66 107
66 110
66 111
66 112
66 117
66 119
66 122
66 124
67 2
67 3
67 5
67 7
67 8
67 10
67 18
67 20
67 22
67 25
67 29
67 32
67 34
67 35
67 53
67 62
67 63
67 75
67 80
67 85
67 86
67 91
67 94
67 96
67 97
67 98
67 102
67 105
67 114
67 126
68 6
68 8
68 14
68 17
68 23
68 42
68 43
68 45
68 48
68 56
68 60
68 71
68 73
68 75
68 78
68 84
68 86
68 93
68 94
68 98
68 100
68 101
68 104
68 107
68 108
68 109
68 112
68 113
68 120
68 127
69 1
69 6
69 7
69 9
69 14
69 21
69 26
69 30
69 32
69 35
69 41
69 45
69 47
69 48
69 61
69 65
69 71
69 78
69 79
69 84
69 86
69 91
69 92
69 103
69 104
69 111
69 112
69 114
69 123
69 126
70 0
70 1
70 2
70 25
70 28
70 29
70 31
70 34
70 35
70 42
70 49
70 53
70 54
70 57
70 59
70 60
70 62
70 63
70 83
70 92
70 96
70 101
70 104
70 107
70 108
70 109
70 111
70 112
70 119
70 127
71 3
71 4
71 7
71 11
71 16
71 18
71 31
71 32
71 34
71 39
71 47
71 50
71 57
71 62
71 68
71 69
71 74
71 76
71 78
71 88
71 89
71 92
71 101
71 104
71 105
71 109
71 111
71 112
71 123
71 124
72 5
72 8
72 16
72 17
72 20
72 23
72 28
72 32
72 35
72 36
72 38
72 42
72 47
72 49
72 50
72 51
72 54
72 55
72 56
72 57
72 62
72 64
72 91
72 100
72 101
72 103
72 107
72 112
72 119
72 126
73 28
73 29
73 31
73 32
73 33
73 35
73 48
73 52
73 53
73 58
73 61
73 68
73 74
73 82
73 85
73 87
73 93
73 96
73 101
73 103
73 106
73 107
73 110
73 113
73 116
73 117
73 118
73 121
73 125
73 127
74 0
74 12
74 13
74 21
74 30
74 32
74 44
74 45
74 51
74 54
74 60
74 61
74 71
74 73
74 76
74 82
74 90
74 91
74 92
74 95
74 96
74 103
74 106
74 112
74 114
74 119
74 120
74 125
74 126
74 127
75 4
75 6
75 9
75 16
75 19
75 21
75 27
75 29
75 37
75 41
75 46
75 50
75 51
75 52
75 57
75 61
75 62
75 63
75 67
75 68
75 77
75 85
75 86
75 105
75 110
75 111
75 114
75 115
75 117
75 118
76 1
76 4
76 8
76 11
76 18
76 20
76 29
76 31
76 43
76 48
76 49
76 54
76 58
76 64
76 71
76 74
76 77
76 81
76 85
76 88
76 95
76 97
76 99
76 101
76 110
76 111
76 112
76 114
76 115
76 119
77 2
77 12
77 13
77 25
77 29
77 33
77 44
77 46
77 48
77 52
77 57
77 58
77 59
77 60
77 61
77 75
77 76
77 78
77 81
77 82
77 86
77 93
77 99
77 102
77 109
77 113
77 118
77 120
77 123
77 127
78 15
78 17
78 18
78 19
78 26
78 28
78 29
78 37
78 41
78 44
78 51
78 57
78 59
78 63
78 68
78 69
78 71
78 77
78 93
78 95
78 101
78 103
78 106
78 107
78 111
78 112
78 113
78 115
78 120
78 126
79 0
79 1
79 13
79 18
79 24
79 29
79 32
79 36
79 37
79 38
79 39
79 40
79 51
79 54
79 59
79 60
79 61
79 62
79 66
79 69
79 85
79 88
79 92
79 93
79 94
79 98
79 102
79 110
79 112
79 123
80 0
80 1
80 9
80 11
80 12
80 25
80 29
80 35
80 38
80 40
80 47
80 50
80 52
80 53
80 55
80 58
80 66
80 67
80 90
80 95
80 98
80 100
80 103
80 109
80 111
80 113
80 114
80 116
80 119
80 127
81 0
81 11
81 14
81 15
81 17
81 20
81 23
81 28
81 37
81 41
81 45
81 48
81 52
81 53
81 57
81 60
81 64
81 76
81 77
81 90
81 99
81 100
81 101
81 102
81 106
81 109
81 113
81 120
81 123
81 125
82 6
82 7
82 9
82 10
82 11
82 21
82 22
82 26
82 32
82 40
82 44
82 49
82 50
82 51
82 59
82 61
82 66
82 73
82 74
82 77
82 86
82 88
82 92
82 97
82 103
82 104
82 110
82 112
82 124
82 125
83 6
83 10
83 14
83 19
83 20
83 27
83 28
83 32
83 35
83 38
83 44
83 47
83 50
83 53
83 58
83 64
83 70
83 84
83 87
83 89
83 93
83 95
83 102
83 103
83 104
83 107
83 119
83 122
83 124
83 125
84 0
84 8
84 10
84 12
84 16
84 22
84 29
84 33
84 38
84 42
84 46
84 56
84 57
84 58
84 61
84 65
84 66
84 68
84 69
84 83
84 92
84 94
84 95
84 97
84 104
84 111
84 116
84 121
84 124
84 127
85 11
85 16
85 18
85 20
85 21
85 23
85 30
85 34
85 43
85 45
85 52
85 53
85 57
85 61
85 67
85 73
85 75
85 76
85 79
85 91
85 92
85 93
85 98
85 102
85 104
85 106
85 111
85 118
85 119
85 127
86 0
86 4
86 6
86 10
86 15
86 17
86 23
86 29
86 38
86 41
86 47
86 49
86 55
86 63
86 64
86 67
86 68
86 69
86 75
86 77
86 82
86 88
86 94
86 98
86 112
86 116
86 119
86 123
86 124
86 125
87 4
87 9
87 11
87 19
87 31
87 34
87 35
87 39
87 41
87 42
87 43
87 46
87 54
87 57
87 58
87 61
87 73
87 83
87 90
87 93
87 95
87 96
87 98
87 104
87 105
87 109
87 117
87 118
87 120
87 126
88 2
88 7
88 8
88 9
88 17
88 21
88 22
88 28
88 36
88 37
88 38
88 44
88 49
88 50
88 64
88 65
88 71
88 76
88 79
88 82
88 86
88 89
88 96
88 104
88 108
88 112
88 117
88 118
88 122
88 125
89 0
89 3
89 5
89 8
89 9
89 14
89 21
89 22
89 25
89 31
89 43
89 49
89 51
89 53
89 56
89 59
89 66
89 71
89 83
89 88
89 95
89 97
89 98
89 102
89 104
89 105
89 114
89 115
89 118
89 126
90 4
90 15
90 16
90 21
90 23
90 26
90 28
90 29
90 33
90 34
90 36
90 41
90 44
90 47
90 53
90 60
90 65
90 74
90 80
90 81
90 87
90 101
90 102
90 110
90 111
90 113
90 117
90 121
90 122
90 126
91 0
91 2
91 7
91 13
91 14
91 19
91 23
91 24
91 30
91 36
91 41
91 47
91 48
91 55
91 57
91 61
91 66
91 67
91 69
91 72
91 74
91 85
91 92
91 101
91 107
91 115
91 116
91 120
91 125
91 126
92 0
92 5
92 10
92 12
92 13
92 18
92 29
92 34
92 43
92 46
92 47
92 49
92 66
92 69
92 70
92 71
92 74
92 79
92 82
92 84
92 85
92 91
92 101
92 104
92 108
92 112
92 118
92 120
92 124
92 127
93 1
93 2
93 9
93 12
93 27
93 37
93 39
93 40
93 43
93 50
93 51
93 52
93 59
93 65
93 66
93 68
93 73
93 77
93 78
93 79
93 83
93 85
93 87
93 96
93 100
93 107
93 108
93 111
93 115
93 126
94 3
94 6
94 8
94 14
94 17
94 19
94 22
94 23
94 32
94 33
94 37
94 40
94 41
94 47
94 51
94 56
94 57
94 61
94 64
94 67
94 68
94 79
94 84
94 86
94 103
94 116
94 121
94 122
94 124
94 126
95 4
95 7
95 9
95 17
95 22
95 25
95 35
95 37
95 39
95 50
95 52
95 54
95 56
95 74
95 76
95 78
95 80
95 83
95 84
95 87
95 89
95 96
95 98
95 103
95 108
95 109
95 117
95 118
95 124
95 126
96 2
96 3
96 5
96 12
96 14
96 15
96 20
96 33
96 38
96 44
96 45
96 48
96 49
96 67
96 70
96 73
96 74
96 87
96 88
96 93
96 95
96 104
96 106
96 107
96 110
96 113
96 116
96 117
96 118
96 125
97 3
97 11
97 15
97 23
97 26
97 28
97 30
97 35
97 45
97 46
97 47
97 49
97 52
97 57
97 60
97 62
97 64
97 65
97 67
97 76
97 82
97 84
97 89
97 106
97 110
97 115
97 119
97 122
97 123
97 126
98 3
98 4
98 11
98 16
98 20
98 23
98 26
98 27
98 37
98 39
98 43
98 44
98 47
98 49
98 50
98 54
98 60
98 61
98 67
98 68
98 79
98 80
98 85
98 86
98 87
98 89
98 95
98 100
98 102
98 125
99 1
99 7
99 8
99 14
99 15
99 20
99 23
99 33
99 37
99 39
99 40
99 41
99 45
99 47
99 57
99 58
99 62
99 63
99 65
99 76
99 77
99 81
99 100
99 107
99 108
99 112
99 113
99 116
99 117
99 126
100 0
100 1
100 4
100 5
100 7
100 10
100 17
100 21
100 24
100 29
100 34
100 41
100 45
100 46
100 48
100 56
100 63
100 68
100 72
100 80
100 81
100 93
100 98
100 99
100 103
100 112
100 115
100 116
100 120
100 122
101 11
101 16
101 24
101 25
101 30
101 31
101 32
101 36
101 42
101 48
101 49
101 52
101 65
101 68
101 70
101 71
101 72
101 73
101 76
101 78
101 81
101 90
101 91
101 92
101 102
101 104
101 109
101 115
101 119
101 127
102 1
102 6
102 13
102 22
102 26
102 29
102 32
102 34
102 35
102 40
102 43
102 45
102 58
102 59
102 63
102 65
102 67
102 77
102 79
102 81
102 83
102 85
102 89
102 90
102 98
102 101
102 110
102 111
102 113
102 123
103 0
103 9
103 24
103 27
103 30
103 32
103 34
103 35
103 36
103 39
103 48
103 50
103 55
103 69
103 72
103 73
103 74
103 78
103 80
103 82
103 83
103 94
103 95
103 100
103 105
103 117
103 118
103 121
103 122
103 123
104 3
104 6
104 12
104 13
104 14
104 23
104 27
104 32
104 44
104 51
104 52
104 60
104 62
104 63
104 68
104 69
104 70
104 71
104 82
104 83
104 84
104 85
104 87
104 88
104 89
104 92
104 96
104 101
104 113
104 116
105 8
105 10
105 11
105 14
105 15
105 19
105 20
105 23
105 36
105 38
105 40
105 48
105 56
105 58
105 60
105 63
105 67
105 71
105 75
105 87
105 89
105 103
105 109
105 113
105 114
105 117
105 120
105 123
105 125
105 126
106 3
106 4
106 5
106 8
106 9
106 10
106 15
106 17
106 25
106 28
106 30
106 34
106 45
106 51
106 53
106 54
106 56
106 58
106 62
106 65
106 73
106 74
106 78
106 81
106 85
106 96
106 97
106 117
106 120
106 123
107 16
107 19
107 20
107 21
107 23
107 24
107 25
107 28
107 39
107 40
107 46
107 49
107 56
107 66
107 68
107 70
107 72
107 73
107 78
107 83
107 91
107 93
107 96
107 99
107 108
107 109
107 120
107 122
107 123
107 125
108 0
108 1
108 2
108 3
108 4
108 5
108 6
108 9
108 13
108 18
108 23
108 26
108 27
108 28
108 30
108 33
108 37
108 38
108 40
108 46
108 58
108 68
108 70
108 88
108 92
108 93
108 95
108 99
108 107
108 118
109 1
109 2
109 11
109 13
109 20
109 29
109 35
109 36
109 37
109 45
109 46
109 54
109 58
109 59
109 68
109 70
109 71
109 77
109 80
109 81
109 87
109 95
109 101
109 105
109 107
109 117
109 119
109 122
109 125
109 126
110 3
110 7
110 8
110 9
110 10
110 11
110 23
110 31
110 32
110 37
110 38
110 41
110 42
110 45
110 49
110 58
110 60
110 63
110 66
110 73
110 75
110 76
110 79
110 82
110 90
110 96
110 97
110 102
110 121
110 123
111 3
111 11
111 12
111 14
111 15
111 25
111 30
111 47
111 49
111 50
111 52
111 64
111 66
111 69
111 70
111 71
111 75
111 76
111 78
111 80
111 84
111 85
111 90
111 93
111 102
111 115
111 119
111 120
111 121
111 123
112 3
112 9
112 13
112 18
112 26
112 30
112 40
112 43
112 52
112 55
112 57
112 65
112 66
112 68
112 69
112 70
112 71
112 72
112 74
112 76
112 78
112 79
112 82
112 86
112 88
112 92
112 99
112 100
112 123
112 126
113 0
113 2
113 11
113 12
113 13
113 16
113 24
113 31
113 38
113 40
113 45
113 46
113 55
113 62
113 63
113 68
113 73
113 77
113 78
113 80
113 81
113 90
113 96
113 99
113 102
113 104
113 105
113 114
113 116
113 121
114 2
114 5
114 12
114 13
114 19
114 26
114 30
114 37
114 41
114 43
114 44
114 45
114 46
114 48
114 52
114 56
114 62
114 67
114 69
114 74
114 75
114 76
114 80
114 89
114 105
114 113
114 116
114 119
114 120
114 124
115 2
115 5
115 8
115 10
115 13
115 17
115 19
115 21
115 26
115 31
115 34
115 40
115 48
115 49
115 53
115 55
115 56
115 64
115 75
115 76
115 78
115 89
115 91
115 93
115 97
115 100
115 101
115 111
115 118
115 119
116 1
116 2
116 6
116 11
116 12
116 16
116 19
116 40
116 53
116 58
116 60
116 62
116 63
116 73
116 80
116 84
116 86
116 91
116 94
116 96
116 99
116 100
116 104
116 113
116 114
116 118
116 119
116 121
116 125
116 127
117 11
117 13
117 15
117 16
117 18
117 19
117 26
117 32
117 39
117 45
117 52
117 57
117 59
117 60
117 62
117 66
117 73
117 75
117 87
117 88
117 90
117 95
117 96
117 99
117 103
117 105
117 106
117 109
117 124
117 125
118 5
118 17
118 18
118 26
118 34
118 36
118 37
118 38
118 45
118 46
118 47
118 55
118 61
118 62
118 73
118 75
118 77
118 85
118 87
118 88
118 89
118 92
118 95
118 96
118 103
118 108
118 115
118 116
118 124
118 127
119 0
119 5
119 18
119 20
119 21
119 22
119 27
119 42
119 48
119 54
119 60
119 66
119 70
119 72
119 74
119 76
119 80
119 83
119 85
119 86
119 97
119 101
119 109
119 111
119 114
119 115
119 116
119 121
119 123
119 125
120 7
120 13
120 15
120 20
120 22
120 25
120 34
120 44
120 46
120 47
120 50
120 51
120 53
120 56
120 64
120 68
120 74
120 77
120 78
120 81
120 87
120 91
120 92
120 100
120 105
120 106
120 107
120 111
120 114
120 124
121 1
121 8
121 15
121 19
121 21
121 23
121 24
121 27
121 28
121 29
121 30
121 35
121 37
121 43
121 46
121 48
121 60
121 65
121 73
121 84
121 90
121 94
121 103
121 110
121 111
121 113
121 116
121 119
121 125
121 126
122 1
122 7
122 9
122 10
122 17
122 19
122 20
122 21
122 27
122 30
122 34
122 35
122 36
122 39
122 40
122 45
122 46
122 57
122 63
122 66
122 83
122 88
122 90
122 94
122 97
122 100
122 103
122 107
122 109
122 126
123 3
123 4
123 6
123 9
123 17
123 18
123 29
123 31
123 34
123 48
123 49
123 56
123 62
123 63
123 69
123 71
123 77
123 79
123 81
123 86
123 97
123 102
123 103
123 105
123 106
123 107
123 110
123 111
123 112
123 119
124 0
124 3
124 5
124 7
124 11
124 15
124 24
124 27
124 28
124 30
124 32
124 33
124 34
124 35
124 38
124 56
124 61
124 66
124 71
124 82
124 83
124 84
124 86
124 92
124 94
124 95
124 114
124 117
124 118
124 120
125 0
125 8
125 14
125 20
125 27
125 33
125 34
125 36
125 46
125 56
125 58
125 61
125 63
125 73
125 74
125 81
125 82
125 83
125 86
125 88
125 91
125 96
125 98
125 105
125 107
125 109
125 116
125 117
125 119
125 121
126 3
126 18
126 22
126 26
126 34
126 35
126 44
126 47
126 48
126 58
126 59
126 67
126 69
126 72
126 74
126 78
126 87
126 89
126 90
126 91
126 93
126 94
126 95
126 97
126 99
126 105
126 109
126 112
126 121
126 122
127 2
127 4
127 6
127 7
127 21
127 22
127 25
127 28
127 29
127 32
127 34
127 38
127 42
127 50
127 54
127 56
127 58
127 60
127 68
127 70
127 73
127 74
127 77
127 80
127 84
127 85
127 92
127 101
127 116
127 118
