14000, 35, 229598, 736569
4000, 20, 32252, 56071
10000, 12, 54901, 148663
10000, 25, 114352, 308653
2000, 25, 16470, 21489
100, 30, 0, 0
4000, 30, 48478, 83803
15000, 4, 28202, 93515
15000, 12, 84816, 282012
10000, 20, 91516, 247550
8000, 15, 53709, 129736
350, 20, 257, 289
10000, 15, 68609, 185409
14000, 10, 65592, 210622
14000, 15, 98416, 315799
2000, 20, 13130, 17151
8000, 20, 71731, 172909
8000, 25, 89615, 216548
12000, 5, 27872, 82738
6000, 15, 38920, 81489
2000, 10, 6491, 8455
16000, 35, 264797, 909386
16000, 15, 113545, 389269
6000, 35, 91091, 191075
4000, 5, 8032, 13894
14000, 5, 32815, 105066
12000, 30, 167120, 496046
2, 1, 0, 0
6000, 25, 65118, 136929
4000, 15, 24277, 41982
5000, 20, 42048, 80525
2000, 35, 23088, 30046
15000, 28, 197762, 657787
2000, 30, 19733, 25703
15000, 20, 141386, 469490
2000, 15, 9880, 12892
15000, 32, 226086, 751574
10000, 5, 22892, 62122
16000, 25, 189193, 648379
5000, 8, 16747, 32361
16000, 5, 37829, 129792
16000, 20, 151222, 519228
2000, 5, 3313, 4319
12000, 10, 55740, 165392
12000, 15, 83597, 248551
16000, 10, 75680, 259104
15000, 16, 113072, 376027
14000, 25, 164010, 525570
5000, 12, 25191, 48665
6000, 10, 25959, 54474
5000, 16, 33668, 64433
10000, 4, 18344, 49286
128, 5, 0, 0
6000, 5, 12959, 27102
14000, 20, 131241, 420905
5000, 4, 8380, 16009
128, 30, 0, 0
10000, 10, 45711, 123614
8000, 35, 125454, 303097
8000, 10, 35817, 86380
600, 20, 1398, 1517
6000, 20, 51740, 108715
12000, 20, 111386, 331327
6000, 30, 77727, 162658
10000, 16, 73190, 198089
10000, 35, 160190, 433713
12000, 25, 139229, 413710
4000, 25, 40415, 70261
10000, 30, 137312, 371399
5000, 24, 50505, 97039
5000, 28, 58804, 113106
10000, 28, 128195, 347660
4000, 10, 16162, 27997
8000, 5, 17938, 43526
10000, 8, 36575, 98631
14000, 30, 196989, 631325
15000, 24, 169611, 564484
10000, 24, 109867, 297179
5000, 32, 67396, 129470
4000, 35, 56781, 98669
8000, 30, 107528, 259721
12000, 35, 194992, 578601
10000, 32, 146548, 397585
15000, 8, 56485, 188375
16000, 30, 226859, 777927