14000, 35, 166228, 221176
4000, 20, 10107, 10469
10000, 12, 34980, 41514
10000, 25, 72630, 85847
2000, 25, 1271, 1350
100, 30, 0, 0
4000, 30, 15057, 15534
15000, 4, 20828, 28373
15000, 12, 62759, 85833
10000, 20, 58340, 69061
8000, 15, 30536, 34045
350, 20, 0, 0
10000, 15, 43740, 51777
14000, 10, 47583, 63225
14000, 15, 71366, 94816
2000, 20, 1032, 1095
8000, 20, 40665, 45193
8000, 25, 50779, 56632
12000, 5, 19095, 24005
6000, 15, 18238, 19224
2000, 10, 499, 528
16000, 35, 199275, 279720
16000, 15, 85598, 119803
6000, 35, 42793, 45126
4000, 5, 2457, 2537
14000, 5, 23687, 31604
12000, 30, 114669, 144283
2, 1, 0, 0
6000, 25, 30648, 32332
4000, 15, 7520, 7785
5000, 20, 16619, 17214
2000, 35, 1763, 1886
15000, 28, 146195, 200042
2000, 30, 1518, 1610
15000, 20, 104749, 143075
2000, 15, 770, 815
15000, 32, 167048, 228641
10000, 5, 14690, 17393
16000, 25, 142281, 199323
5000, 8, 6686, 6946
16000, 5, 28543, 39990
16000, 20, 113610, 159710
2000, 5, 265, 292
12000, 10, 38269, 48175
12000, 15, 57376, 72383
16000, 10, 56911, 79683
15000, 16, 83516, 114327
14000, 25, 118499, 157640
5000, 12, 10155, 10548
6000, 10, 12163, 12841
5000, 16, 13302, 13797
10000, 4, 11640, 13768
128, 5, 0, 0
6000, 5, 6089, 6414
14000, 20, 95029, 126314
5000, 4, 3301, 3429
128, 30, 0, 0
10000, 10, 29113, 34539
8000, 35, 71188, 79380
8000, 10, 20319, 22634
600, 20, 0, 0
6000, 20, 24175, 25541
12000, 20, 76759, 96553
6000, 30, 36235, 38300
10000, 16, 46742, 55333
10000, 35, 102205, 121122
12000, 25, 95779, 120442
4000, 25, 12681, 13124
10000, 30, 87532, 103633
5000, 24, 20039, 20811
5000, 28, 23443, 24277
10000, 28, 82069, 97208
4000, 10, 5001, 5169
8000, 5, 10231, 11458
10000, 8, 23172, 27390
14000, 30, 142315, 189436
15000, 24, 125363, 171644
10000, 24, 69951, 82807
5000, 32, 26863, 27765
4000, 35, 17683, 18225
8000, 30, 60956, 67970
12000, 35, 133859, 168425
10000, 32, 93712, 110927
15000, 8, 41789, 57269
16000, 30, 170730, 239227