14000, 35, 48635, 49472
4000, 20, 21, 22
10000, 12, 5918, 6083
10000, 25, 11899, 12238
2000, 25, 0, 0
100, 30, 0, 0
4000, 30, 12, 17
15000, 4, 6624, 6737
15000, 12, 20154, 20551
10000, 20, 9752, 10004
8000, 15, 2984, 3088
10000, 15, 7270, 7479
14000, 10, 13925, 14155
14000, 15, 20815, 21176
2000, 20, 0, 0
8000, 20, 3826, 3956
8000, 25, 5011, 5179
12000, 5, 4436, 4538
6000, 15, 618, 653
2000, 10, 0, 0
16000, 35, 69094, 70265
16000, 15, 29430, 29945
6000, 35, 1462, 1556
4000, 5, 4, 4
14000, 5, 7011, 7134
12000, 30, 26807, 27413
2, 1, 0, 0
6000, 25, 1047, 1109
4000, 15, 15, 15
5000, 20, 206, 225
2000, 35, 0, 0
15000, 28, 47003, 47739
2000, 30, 0, 0
15000, 20, 33514, 34027
2000, 15, 0, 0
15000, 32, 53719, 54583
10000, 5, 2456, 2528
16000, 25, 48982, 49844
5000, 8, 84, 90
16000, 5, 9835, 10001
16000, 20, 39636, 40244
2000, 5, 0, 0
12000, 10, 8997, 9179
12000, 15, 13566, 13863
16000, 10, 19574, 19922
15000, 16, 26857, 27298
14000, 25, 34661, 35259
5000, 12, 124, 137
6000, 10, 418, 444
5000, 16, 161, 178
10000, 4, 1914, 1963
6000, 5, 209, 222
14000, 20, 27739, 28222
5000, 4, 39, 43
128, 30, 0, 0
10000, 10, 4895, 5042
8000, 35, 7008, 7227
8000, 10, 1961, 2034
6000, 20, 818, 875
12000, 20, 17954, 18363
6000, 30, 1275, 1345
10000, 16, 7786, 7991
10000, 35, 17077, 17549
12000, 25, 22333, 22829
4000, 25, 24, 28
10000, 30, 14584, 14964
5000, 24, 261, 277
5000, 28, 273, 298
10000, 28, 13690, 14061
4000, 10, 7, 7
8000, 5, 1023, 1063
10000, 8, 3823, 3918
14000, 30, 41660, 42372
15000, 24, 40423, 41081
10000, 24, 11657, 11969
5000, 32, 316, 340
4000, 35, 18, 20
8000, 30, 6002, 6198
12000, 35, 31287, 31984
10000, 32, 15608, 15999
15000, 8, 13534, 13756
16000, 30, 58758, 59742